{
 "cells": [
  {
   "cell_type": "markdown",
   "metadata": {},
   "source": [
    "# Extended Kalman Filter (EKF) example for Udacity's Self-driving Car Class\n",
    "\n",
    "This version combines the Linear Kalman Filter (see LIDAR-Only.ipynb) and the Extended Kalman Filter (EKF; see RADAR-Only.ipynb.  The RADAR values contain non-linearities and must be estimated using a Taylor Series Expansion.  RADAR has velocity data that can be used to improve position predictions.  The notebook demonstrates sensor fusion of two sensors.\n",
    "\n",
    "The RADAR data is expressed in polar coordinates and includes velocity data.  The LIDAR data is more spatially accurate but does not contain velocity data.  Furthermore, the RADAR data have non-linearities and require use of Taylor Series Expansion of the measurements at each iteration.\n",
    "\n",
    "These examples will be recoded in C++ as part of the Udacity project requirements; however, these python notebooks are useful for understanding all the processes and will be helpful for debugging and comparions."
   ]
  },
  {
   "cell_type": "code",
   "execution_count": 25,
   "metadata": {},
   "outputs": [],
   "source": [
    "##Load in RADAR data for Kalman Filter updates\n",
    "\n",
    "import numpy as np\n",
    "from matplotlib import pyplot as plt"
   ]
  },
  {
   "cell_type": "code",
   "execution_count": 26,
   "metadata": {},
   "outputs": [],
   "source": [
    "def process_radar_record(sample):\n",
    "  radar_rho = float(sample[1])\n",
    "  radar_phi = float(sample[2])\n",
    "  radar_rhodot = float(sample[3]) \n",
    "  radar_ts = int(float(sample[4]))\n",
    "  radar_truth_x = float(sample[5])\n",
    "  radar_truth_y = float(sample[6])\n",
    "  radar_truth_xdot = float(sample[7])\n",
    "  radar_truth_ydot = float(sample[8])\n",
    "    \n",
    "  return (radar_rho, radar_phi, radar_rhodot, radar_ts, \n",
    "         radar_truth_x, radar_truth_y, radar_truth_xdot, radar_truth_ydot)\n",
    "    \n",
    "def process_lidar_record(sample):\n",
    "  lidar_x = float(sample[1])\n",
    "  lidar_y = float(sample[2])\n",
    "  lidar_ts = int(float(sample[3]))\n",
    "  lidar_truth_x = float(sample[4])\n",
    "  lidar_truth_y = float(sample[5])\n",
    "  lidar_truth_xdot = float(sample[6])\n",
    "  lidar_truth_ydot = float(sample[7])\n",
    "\n",
    "  return (lidar_x, lidar_y, lidar_ts, \n",
    "         lidar_truth_x, lidar_truth_y, lidar_truth_xdot, lidar_truth_ydot)\n",
    "\n",
    "def update_A_matrix(dt):\n",
    "    return np.array([[1,0,dt,0], [0,1, 0, dt], [0, 0, 1, 0], [0, 0, 0, 1]])\n",
    "\n",
    "def update_Q_matrix(dt, noise_ax, noise_ay):\n",
    "    return np.array([[np.power(dt,4)/4*noise_ax, 0, np.power(dt,3)/2*noise_ax, 0],\n",
    "         [0, np.power(dt,4)/4*noise_ay, 0, np.power(dt,3)/2*noise_ay],\n",
    "         [np.power(dt,3)/2*noise_ax, 0, np.power(dt,2)*noise_ax, 0],\n",
    "         [0, np.power(dt,3)/2*noise_ay, 0, np.power(dt,2)*noise_ay]])\n",
    "\n",
    "##step 2/7\n",
    "def initial_process_cov_matrix():\n",
    "    global P\n",
    "        \n",
    "    #initial process covariance matrix\n",
    "    ##do this once\n",
    "\n",
    "    P = np.array([[1, 0, 0, 0], [0, 1, 0, 0], \n",
    "                  [0, 0, 1000, 0],[0, 0, 0, 1000]])\n",
    " \n",
    "    if verbose: print(\"Initial Process Covariance Matrix:\", P)\n",
    "\n",
    "##step 1/7; \n",
    "def update_prediction():\n",
    "    global x,u,A,B\n",
    "    x = np.dot(A,x) + np.dot(B,u)\n",
    "\n",
    "    if verbose: print(\"x after update: \", x)\n",
    "\n",
    "def update_predicted_process_cov_matrix():\n",
    "    global A, P, Q\n",
    "    #update the Process Covariance Matrix\n",
    "    #Q = 0.  ##reflects the error in calculating process cov matrix\n",
    "    P = np.dot(np.dot(A, P), A.T) + Q\n",
    "    #P[0,1] = 0\n",
    "    #P[1,0] = 0\n",
    "    if verbose: print(\"Predicted Process Covariance Matrix: \", P)\n",
    "\n",
    "#steps 1-3 are the same for linear KF and EKF\n",
    "#change the H * x term to h(x)\n",
    "\n",
    "        \n",
    "def calculate_H_Jacobian():\n",
    "    \n",
    "    px, py, vx, vy = x[0], x[1], x[2], x[3]\n",
    "    \n",
    "    c1 = np.power(px,2)+np.power(py,2)\n",
    "    if np.abs(c1) < 0.0001: \n",
    "        c1 = 0.0001\n",
    "  \n",
    "    c2 = np.sqrt(c1)\n",
    "    c3 = c1*c2\n",
    "\n",
    "    Hj = np.zeros([3,4])\n",
    "    Hj[0,0] = px/c2\n",
    "    Hj[0,1] = py/c2\n",
    "    \n",
    "    Hj[1,0] = -py/c1\n",
    "    Hj[1,1] = px/c1\n",
    "    \n",
    "    Hj[2,0] = py*(vx*py - vy*px)/c3\n",
    "    Hj[2,1] = px*(vy*px - vx*py)/c3\n",
    "    Hj[2,2] = px/c2\n",
    "    Hj[2,3] = py/c2\n",
    "    \n",
    "    return Hj\n"
   ]
  },
  {
   "cell_type": "code",
   "execution_count": 27,
   "metadata": {},
   "outputs": [],
   "source": [
    "#step 4/7 calculate the kalman gain\n",
    "def lidar_calculate_Kalman_gain():\n",
    "    global R_lidar, P, H, K\n",
    "    ##step 4/7 calculate the Kalman Gain\n",
    "    ##use observation errors and square them\n",
    "   \n",
    "    S = R_lidar + np.dot(H, np.dot(P, H.T))\n",
    "    K = np.dot(np.dot(P, H.T), np.linalg.inv(S))\n",
    "    if verbose: print(\"LIDAR: Kalman Gain Matrix: \", K)\n",
    "\n",
    "#step 5/7 import a measurment\n",
    "def lidar_import_new_observation(m):\n",
    "    global z\n",
    "    #Step 5/7\n",
    "    ##import the new observation\n",
    "    #Observed state Yk = CYkm + Zk\n",
    "    C = np.eye(2)\n",
    "    measurement = np.array(m)\n",
    "    z = np.dot(C, measurement)\n",
    "    if verbose: print(\"LIDAR: observed: \", z)\n",
    "\n",
    "#step 6/7 update the current state\n",
    "def lidar_update_current_state():\n",
    "    global z, H, x\n",
    "    #step 6/7   \n",
    "    #Xk = Xkp + K[Yk - HXkp]\n",
    "\n",
    "    Y = z - np.dot(H, x)\n",
    "    x = x + np.dot(K, Y)\n",
    "    if verbose: \n",
    "       print(\"LIDAR: Y: \", Y)\n",
    "       print(\"LIDAR: adjusted x:\", x)\n",
    "\n",
    "#step 7/7 update the process covariance matrix\n",
    "def lidar_update_process_cov_matrix():\n",
    "    global K, H, O, R_lidar, P\n",
    "    #step 7/7 update Process Covarance Matrix\n",
    "    #Pk = (I-KH)*Pkp\n",
    "\n",
    "    I = np.eye(n)\n",
    "    P = np.dot(np.dot(I - np.dot(K, H), P), \n",
    "                (I - np.dot(K, H)).T) + np.dot(np.dot(K, R_lidar), K.T)   \n",
    "\n",
    "    if verbose: print(\"LIDAR Updated Process Covariance Matrix: \", P)"
   ]
  },
  {
   "cell_type": "code",
   "execution_count": 28,
   "metadata": {},
   "outputs": [],
   "source": [
    "#step 4/7 calculate the kalman gain\n",
    "def radar_calculate_Kalman_gain():\n",
    "    global R_radar, P, Hj, K\n",
    "    \n",
    "    S = R_radar + np.dot(Hj, np.dot(P, Hj.T))\n",
    "    K = np.dot(np.dot(P, Hj.T), np.linalg.inv(S))\n",
    "  \n",
    "    if verbose:\n",
    "        print(\"RADAR S:\", S)\n",
    "        print(\"RADAR: Kalman Gain Matrix: \", K)    \n",
    "\n",
    " #step 5/7 import a measurment\n",
    "def radar_import_new_observation(m):\n",
    "    global z\n",
    "    #Step 5/7\n",
    "    ##import the new observation\n",
    "    #Observed state Yk = CYkm + Zk\n",
    "    C = np.eye(3)\n",
    "    measurement = np.array(m)\n",
    "    z = np.dot(C, measurement)\n",
    "    \n",
    "    if verbose: print(\"RADAR: observed: \", z)\n",
    "\n",
    "#step 6/7 update the current state\n",
    "def radar_update_current_state():\n",
    "    global z, Hj, x\n",
    "    #step 6/7\n",
    "    px, py, vx,vy = x[0], x[1], x[2], x[3]\n",
    "    rho_pred = np.sqrt(px*px + py*py)\n",
    "    phi_pred = np.arctan2(py, px)\n",
    "    rhodot_pred = (px*vx + py*vy)/rho_pred\n",
    " \n",
    "    Y = z - np.array([rho_pred, phi_pred, rhodot_pred])\n",
    "    \n",
    "    ##check Y[1], the delta for phi - phi_pred;  This value must be <> -pi:pi\n",
    "    ##substract 2pi until Y[1] is in range or else the states can have\n",
    "    ##very large velocity values.  \n",
    "    \n",
    "    while np.abs(Y[1]) > np.pi:\n",
    "        if verbose: print(\"adjusting Y[1]\")\n",
    "        if Y[1] < 0:\n",
    "            Y[1] += 2*np.pi\n",
    "        else:\n",
    "            Y[1] -= 2*np.pi\n",
    " \n",
    "    x = x + np.dot(K, Y)\n",
    "    #print(\"X after: \", x)\n",
    "    if verbose:\n",
    "        print(\"px:, py: vx: vy:\", px, py, vx, vy)\n",
    "        print(\"rho_pred, phi_pred, rdot_pred:\", rho_pred, phi_pred, rhodot_pred) \n",
    "        print(\"RADAR: adjusted x:\", x)\n",
    "        print(\"RADAR: Y: \", Y)\n",
    "\n",
    "        \n",
    "#step 7/7 update the process covariance matrix\n",
    "def radar_update_process_cov_matrix():\n",
    "    global K, Hj, R_radar, P\n",
    "\n",
    "    I = np.eye(n)\n",
    "    P = np.dot(np.dot(I - np.dot(K, Hj), P), \n",
    "                (I - np.dot(K, Hj)).T) + np.dot(np.dot(K, R_radar), K.T)   \n",
    "\n",
    "    if verbose: print(\"RADAR: Updated Process Covariance Matrix: \", P)\n",
    "        "
   ]
  },
  {
   "cell_type": "code",
   "execution_count": 29,
   "metadata": {},
   "outputs": [],
   "source": [
    "def cartesian_to_polar(cartesian_x_):\n",
    "    THRESH = 0.0001;\n",
    "    cartesian_x = cartesian_x_.flatten()\n",
    "    px, py, vx, vy = cartesian_x[0], cartesian_x[1], cartesian_x[2], cartesian_x[3]\n",
    "    rho = math.sqrt(px**2 + py**2)\n",
    "    phi = math.atan2(py, px)\n",
    "    drho = 0\n",
    "    if rho > THRESH: drho = (px*vx + py*vy) / rho\n",
    "    \n",
    "    return np.array([rho, phi, drho])\n",
    "\n",
    "#convert polar radar measurement data to cartesian\n",
    "def polar_to_cartesian(rho, phi, rhodot):\n",
    "    \n",
    "    px = rho * np.cos(phi)\n",
    "    py = rho * np.sin(phi)\n",
    "    vx = rhodot * np.cos(phi)\n",
    "    vy = rhodot * np.sin(phi)\n",
    "    return np.array([px, py, vx, vy])\n",
    " \n",
    " "
   ]
  },
  {
   "cell_type": "code",
   "execution_count": 30,
   "metadata": {},
   "outputs": [
    {
     "name": "stdout",
     "output_type": "stream",
     "text": [
      "Q:  [[7.8125e-06 0.0000e+00 3.1250e-04 0.0000e+00]\n",
      " [0.0000e+00 7.8125e-06 0.0000e+00 3.1250e-04]\n",
      " [3.1250e-04 0.0000e+00 1.2500e-02 0.0000e+00]\n",
      " [0.0000e+00 3.1250e-04 0.0000e+00 1.2500e-02]]\n",
      "initial sample:  ['L', '4.632272e-01', '6.074152e-01', '1477010443000000', '6.000000e-01', '6.000000e-01', '2.199937e+00', '0', '0', '6.911322e-03']\n",
      "LIDAR initial timestamp:  1477010443000000\n",
      "LIDAR initial x:  [0.4632272 0.6074152 0.        0.       ]\n",
      "Initial Process Covariance Matrix: [[   1    0    0    0]\n",
      " [   0    1    0    0]\n",
      " [   0    0 1000    0]\n",
      " [   0    0    0 1000]]\n",
      "initial timestamp:  1477010443000000\n",
      "x after update:  [0.4632272 0.6074152 0.        0.       ]\n",
      "Predicted Process Covariance Matrix:  [[   3.50000781    0.           50.0003125     0.        ]\n",
      " [   0.            3.50000781    0.           50.0003125 ]\n",
      " [  50.0003125     0.         1000.0125        0.        ]\n",
      " [   0.           50.0003125     0.         1000.0125    ]]\n",
      "RADAR S: [[3.59000781e+00 8.88178420e-16 5.00003125e+01]\n",
      " [4.44089210e-16 5.99886383e+00 1.06581410e-14]\n",
      " [5.00003125e+01 3.55271368e-15 1.00010250e+03]]\n",
      "RADAR: Kalman Gain Matrix:  [[ 5.56343880e-01 -6.07324070e-01  2.50272391e-03]\n",
      " [ 7.29516162e-01  4.63157703e-01  3.28174283e-03]\n",
      " [ 2.50272391e-03 -8.67609301e+00  6.06223481e-01]\n",
      " [ 3.28174283e-03  6.61656520e+00  7.94921708e-01]]\n",
      "RADAR: observed:  [0.8986584 0.6176736 1.798602 ]\n",
      "px:, py: vx: vy: 0.4632272 0.6074152 0.0 0.0\n",
      "rho_pred, phi_pred, rdot_pred: 0.7638930972399738 0.9192669927173645 0.0\n",
      "RADAR: adjusted x: [ 0.72586938  0.57194591  3.70734437 -0.56532231]\n",
      "RADAR: Y:  [ 0.1347653  -0.30159339  1.798602  ]\n",
      "RADAR: Updated Process Covariance Matrix:  [[ 3.06951907e-02  3.95610864e-02  4.87958107e-03 -3.43799671e-03]\n",
      " [ 3.95610864e-02  5.24003040e-02 -3.43799671e-03  2.99333084e-03]\n",
      " [ 4.87958107e-03 -3.43799671e-03  1.80754163e+02 -1.37778190e+02]\n",
      " [-3.43799671e-03  2.99333084e-03 -1.37778190e+02  1.05162426e+02]]\n",
      "x after update:  [ 0.9112366   0.5436798   3.70734437 -0.56532231]\n",
      "Predicted Process Covariance Matrix:  [[   0.48307637   -0.30522819    9.04290022   -6.89234748]\n",
      " [  -0.30522819    0.31561352   -6.89234748    5.26142714]\n",
      " [   9.04290022   -6.89234748  180.76666282 -137.77818967]\n",
      " [  -6.89234748    5.26142714 -137.77818967  105.17492628]]\n",
      "LIDAR: Kalman Gain Matrix:  [[ 0.90218882 -0.08829795]\n",
      " [-0.08829795  0.85374432]\n",
      " [12.26296105 -9.31446383]\n",
      " [-9.31446383  7.15259854]]\n",
      "LIDAR: observed:  [0.9685213 0.4054501]\n",
      "LIDAR: Y:  [ 0.0572847 -0.1382297]\n",
      "LIDAR: adjusted x: [ 0.97512361  0.42060886  5.69735992 -2.08760009]\n",
      "LIDAR Updated Process Covariance Matrix:  [[ 2.02992483e-02 -1.98670390e-03  2.75916624e-01 -2.09575436e-01]\n",
      " [-1.98670390e-03  1.92092471e-02 -2.09575436e-01  1.60933467e-01]\n",
      " [ 2.75916624e-01 -2.09575436e-01  5.67540836e+00 -4.25022818e+00]\n",
      " [-2.09575436e-01  1.60933467e-01 -4.25022818e+00  3.34352891e+00]]\n",
      "x after update:  [ 1.25999161  0.31622885  5.69735992 -2.08760009]\n",
      "Predicted Process Covariance Matrix:  [[ 0.06208724 -0.03356982  0.55999954 -0.42208685]\n",
      " [-0.03356982  0.04366923 -0.42208685  0.32842241]\n",
      " [ 0.55999954 -0.42208685  5.68790836 -4.25022818]\n",
      " [-0.42208685  0.32842241 -4.25022818  3.35602891]]\n",
      "RADAR S: [[ 0.13514386 -0.02612634  0.43609866]\n",
      " [-0.02612634  0.03681689 -0.45103458]\n",
      " [ 0.43609866 -0.45103458  6.29225487]]\n",
      "RADAR: Kalman Gain Matrix:  [[ 0.08528512  0.75947839  0.1384192 ]\n",
      " [ 0.03533102  1.2453454   0.01337272]\n",
      " [ 0.26169055  0.57911218  0.96347693]\n",
      " [-0.33206496  2.1758149  -0.52217652]]\n",
      "RADAR: observed:  [0.9105743 0.6105369 1.462326 ]\n",
      "px:, py: vx: vy: 1.2599916106982998 0.3162288527403227 5.697359918336227 -2.08760009388764\n",
      "rho_pred, phi_pred, rdot_pred: 1.2990687227146824 0.24589793484948547 5.017799446314116\n",
      "RADAR: adjusted x: [1.01164845 0.70905804 2.38124482 0.69137694]\n",
      "RADAR: Y:  [-0.38849442  0.36463897 -3.55547345]\n",
      "RADAR: Updated Process Covariance Matrix:  [[ 0.00722862  0.00272971  0.02267886 -0.0296061 ]\n",
      " [ 0.00272971  0.00218626  0.00638995 -0.00480767]\n",
      " [ 0.02267886  0.00638995  0.11661156 -0.10110893]\n",
      " [-0.0296061  -0.00480767 -0.10110893  0.23724737]]\n",
      "x after update:  [1.13071069 0.74362689 2.38124482 0.69137694]\n",
      "Predicted Process Covariance Matrix:  [[ 0.00979585  0.00131613  0.02882194 -0.03466155]\n",
      " [ 0.00131613  0.00230642  0.0013345   0.00736719]\n",
      " [ 0.02882194  0.0013345   0.12911156 -0.10110893]\n",
      " [-0.03466155  0.00736719 -0.10110893  0.24974737]]\n",
      "LIDAR: Kalman Gain Matrix:  [[ 0.30180637  0.03704332]\n",
      " [ 0.03704332  0.09101152]\n",
      " [ 0.89217158  0.00646153]\n",
      " [-1.08770575  0.35469659]]\n",
      "LIDAR: observed:  [0.9477518 0.6368242]\n",
      "LIDAR: Y:  [-0.18295889 -0.10680269]\n",
      "LIDAR: adjusted x: [1.0715362  0.72712921 2.21732399 0.85249983]\n",
      "LIDAR Updated Process Covariance Matrix:  [[ 6.79064329e-03  8.33474748e-04  2.00738606e-02 -2.44733794e-02]\n",
      " [ 8.33474748e-04  2.04775918e-03  1.45384394e-04  7.98067331e-03]\n",
      " [ 2.00738606e-02  1.45384394e-04  1.03388820e-01 -7.02324836e-02]\n",
      " [-2.44733794e-02  7.98067331e-03 -7.02324836e-02  2.09432683e-01]]\n",
      "x after update:  [1.1824024  0.7697542  2.21732399 0.85249983]\n",
      "Predicted Process Covariance Matrix:  [[ 0.00906431 -0.00055851  0.0255558  -0.027985  ]\n",
      " [-0.00055851  0.00337722 -0.00336624  0.01876481]\n",
      " [ 0.0255558  -0.00336624  0.11588882 -0.07023248]\n",
      " [-0.027985    0.01876481 -0.07023248  0.22193268]]\n",
      "RADAR S: [[ 0.09686076 -0.00200323  0.01019186]\n",
      " [-0.00200323  0.00370357  0.00063904]\n",
      " [ 0.01019186  0.00063904  0.1719084 ]]\n",
      "RADAR: Kalman Gain Matrix:  [[ 0.04921678 -1.0176022   0.04768899]\n",
      " [ 0.02325712  0.60683461  0.03310647]\n",
      " [ 0.09524083 -3.2227194   0.38263144]\n",
      " [-0.04467322  5.85914025  0.27953477]]\n",
      "RADAR: observed:  [1.441585  0.4700585 2.079419 ]\n",
      "px:, py: vx: vy: 1.1824024024602755 0.7697542027118609 2.2173239896603083 0.8524998268371324\n",
      "rho_pred, phi_pred, rdot_pred: 1.410885173901974 0.5770839688505603 2.323353166906208\n",
      "RADAR: adjusted x: [1.28118973 0.69744563 2.47182404 0.15586305]\n",
      "RADAR: Y:  [ 0.03069983 -0.10702547 -0.24393417]\n",
      "RADAR: Updated Process Covariance Matrix:  [[ 0.00441716  0.00133377  0.00941618 -0.00742857]\n",
      " [ 0.00133377  0.00178775  0.00124706  0.00404151]\n",
      " [ 0.00941618  0.00124706  0.05098017 -0.01782321]\n",
      " [-0.00742857  0.00404151 -0.01782321  0.07827739]]\n",
      "x after update:  [1.40478093 0.70523879 2.47182404 0.15586305]\n",
      "Predicted Process Covariance Matrix:  [[ 0.00549404  0.00098014  0.01227769 -0.00831973]\n",
      " [ 0.00098014  0.00239541  0.0003559   0.00826788]\n",
      " [ 0.01227769  0.0003559   0.06348017 -0.01782321]\n",
      " [-0.00831973  0.00826788 -0.01782321  0.09077739]]\n",
      "LIDAR: Kalman Gain Matrix:  [[ 0.19514798  0.03168714]\n",
      " [ 0.03168714  0.09497136]\n",
      " [ 0.43868661 -0.0029754 ]\n",
      " [-0.30925061  0.34427992]]\n",
      "LIDAR: observed:  [1.422865 0.264328]\n",
      "LIDAR: Y:  [ 0.01808407 -0.44091079]\n",
      "LIDAR: adjusted x: [ 1.39433880e+00  6.63937922e-01  2.48106916e+00 -1.52618544e-03]\n",
      "LIDAR Updated Process Covariance Matrix:  [[ 4.39082955e-03  7.12960678e-04  9.87044871e-03 -6.95813871e-03]\n",
      " [ 7.12960678e-04  2.13685565e-03 -6.69464416e-05  7.74629816e-03]\n",
      " [ 9.87044871e-03 -6.69464416e-05  5.80951715e-02 -1.41488519e-02]\n",
      " [-6.95813871e-03  7.74629816e-03 -1.41488519e-02  8.53580384e-02]]\n",
      "x after update:  [ 1.51839226e+00  6.63861613e-01  2.48106916e+00 -1.52618544e-03]\n",
      "Predicted Process Covariance Matrix:  [[ 0.00553092  0.00032633  0.01308771 -0.00766558]\n",
      " [ 0.00032633  0.00313269 -0.00077439  0.0123267 ]\n",
      " [ 0.01308771 -0.00077439  0.07059517 -0.01414885]\n",
      " [-0.00766558  0.0123267  -0.01414885  0.09785804]]\n",
      "RADAR S: [[ 0.09538562 -0.00039747  0.0102633 ]\n",
      " [-0.00039747  0.00209364 -0.00100657]\n",
      " [ 0.0102633  -0.00100657  0.15540486]]\n",
      "RADAR: Kalman Gain Matrix:  [[ 0.04606402 -0.51559546  0.05842968]\n",
      " [ 0.01741258  0.802867    0.02067196]\n",
      " [ 0.07440147 -1.51496055  0.38802932]\n",
      " [-0.01960536  4.2048747   0.14184708]]\n",
      "RADAR: observed:  [1.549365  0.5185282 1.954045 ]\n",
      "px:, py: vx: vy: 1.5183922552497924 0.663861612568332 2.4810691640038405 -0.0015261854441461498\n",
      "rho_pred, phi_pred, rdot_pred: 1.6571744873260559 0.41216995538052065 2.272677413414378\n",
      "RADAR: adjusted x: [1.4399707  0.74078914 2.18828072 0.40261347]\n",
      "RADAR: Y:  [-0.10780949  0.10635824 -0.31863241]\n",
      "RADAR: Updated Process Covariance Matrix:  [[ 0.00410662  0.0009562   0.00704051 -0.00412902]\n",
      " [ 0.0009562   0.00172495  0.00061219  0.00503934]\n",
      " [ 0.00704051  0.00061219  0.03999761 -0.00769445]\n",
      " [-0.00412902  0.00503934 -0.00769445  0.0588693 ]]\n",
      "x after update:  [1.54938474 0.76091981 2.18828072 0.40261347]\n",
      "Predicted Process Covariance Matrix:  [[ 0.00491848  0.00076112  0.00935289 -0.00451375]\n",
      " [ 0.00076112  0.00238387  0.00022746  0.0082953 ]\n",
      " [ 0.00935289  0.00022746  0.05249761 -0.00769445]\n",
      " [-0.00451375  0.0082953  -0.00769445  0.0713693 ]]\n",
      "LIDAR: Kalman Gain Matrix:  [[ 0.1786883   0.02512134]\n",
      " [ 0.02512134  0.09503144]\n",
      " [ 0.3411521  -0.00129375]\n",
      " [-0.17402584  0.33868343]]\n",
      "LIDAR: observed:  [1.552285  0.6535031]\n",
      "LIDAR: Y:  [ 0.00290026 -0.10741671]\n",
      "LIDAR: adjusted x: [1.54720453 0.75078471 2.18940912 0.36572849]\n",
      "LIDAR Updated Process Covariance Matrix:  [[ 4.02048671e-03  5.65230202e-04  7.67592232e-03 -3.91558139e-03]\n",
      " [ 5.65230202e-04  2.13820740e-03 -2.91093900e-05  7.62037709e-03]\n",
      " [ 7.67592232e-03 -2.91093900e-05  4.93071428e-02 -6.14384892e-03]\n",
      " [-3.91558139e-03  7.62037709e-03 -6.14384892e-03  6.77743086e-02]]\n",
      "x after update:  [1.65667498 0.76907113 2.18940912 0.36572849]\n",
      "Predicted Process Covariance Matrix:  [[ 0.00491916  0.00035264  0.01045378 -0.00422277]\n",
      " [ 0.00035264  0.00307749 -0.0003363   0.01132159]\n",
      " [ 0.01045378 -0.0003363   0.06180714 -0.00614385]\n",
      " [-0.00422277  0.01132159 -0.00614385  0.08027431]]\n",
      "RADAR S: [[ 9.48619948e-02 -2.60487102e-04  9.02016766e-03]\n",
      " [-2.60487102e-04  1.83963369e-03 -1.14648926e-04]\n",
      " [ 9.02016766e-03 -1.14648926e-04  1.50196459e-01]]\n",
      "RADAR: Kalman Gain Matrix:  [[ 0.04223706 -0.51202346  0.05213202]\n",
      " [ 0.0169576   0.79043404  0.02360786]\n",
      " [ 0.0603281  -1.36972926  0.36148362]\n",
      " [ 0.00410807  3.59621363  0.16452351]]\n",
      "RADAR: observed:  [1.682973  0.4400512 2.19346  ]\n",
      "px:, py: vx: vy: 1.656674982739079 0.769071131328142 2.1894091181532667 0.3657284903067316\n",
      "rho_pred, phi_pred, rdot_pred: 1.826483617083897 0.4346208561513921 2.139855238923257\n",
      "RADAR: adjusted x: [1.65062758 0.77219536 2.19269054 0.39348686]\n",
      "RADAR: Y:  [-0.14351062  0.00543034  0.05360476]\n",
      "RADAR: Updated Process Covariance Matrix:  [[ 0.00380233  0.00083718  0.00587282 -0.00215382]\n",
      " [ 0.00083718  0.00182117  0.00024392  0.00551766]\n",
      " [ 0.00587282  0.00024392  0.03783422 -0.00596286]\n",
      " [-0.00215382  0.00551766 -0.00596286  0.05254684]]\n",
      "x after update:  [1.7602621  0.7918697  2.19269054 0.39348686]\n",
      "Predicted Process Covariance Matrix:  [[ 4.49200892e-03  7.26782240e-04  8.07703257e-03 -2.45195970e-03]\n",
      " [ 7.26782240e-04  2.51211380e-03 -5.42265227e-05  8.45750264e-03]\n",
      " [ 8.07703257e-03 -5.42265227e-05  5.03342185e-02 -5.96285823e-03]\n",
      " [-2.45195970e-03  8.45750264e-03 -5.96285823e-03  6.50468352e-02]]\n",
      "LIDAR: Kalman Gain Matrix:  [[ 0.16576726  0.02424048]\n",
      " [ 0.02424048  0.09973153]\n",
      " [ 0.29953064 -0.01087154]\n",
      " [-0.10002306  0.34104265]]\n",
      "LIDAR: observed:  [1.764374  0.4816458]\n",
      "LIDAR: Y:  [ 0.0041119 -0.3102239]\n",
      "LIDAR: adjusted x: [1.75342375 0.76103027 2.19729479 0.28727599]\n",
      "LIDAR Updated Process Covariance Matrix:  [[ 0.00372976  0.00054541  0.00673944 -0.00225052]\n",
      " [ 0.00054541  0.00224396 -0.00024461  0.00767346]\n",
      " [ 0.00673944 -0.00024461  0.04791431 -0.00513648]\n",
      " [-0.00225052  0.00767346 -0.00513648  0.06191721]]\n",
      "x after update:  [1.86328849 0.77539407 2.19729479 0.28727599]\n",
      "Predicted Process Covariance Matrix:  [[ 0.00453131  0.00040781  0.00944765 -0.00250734]\n",
      " [ 0.00040781  0.00317391 -0.00050143  0.01108182]\n",
      " [ 0.00944765 -0.00050143  0.06041431 -0.00513648]\n",
      " [-0.00250734  0.01108182 -0.00513648  0.07441721]]\n",
      "RADAR S: [[ 9.46202526e-02 -9.61613423e-05  8.67729497e-03]\n",
      " [-9.61613423e-05  1.65740321e-03 -1.79694658e-04]\n",
      " [ 8.67729497e-03 -1.79694658e-04  1.48791522e-01]]\n",
      "RADAR: Kalman Gain Matrix:  [[ 0.04070168 -0.39991638  0.05192225]\n",
      " [ 0.01585685  0.83231186  0.0202363 ]\n",
      " [ 0.05549077 -1.18079119  0.36483545]\n",
      " [ 0.01091596  3.36276023  0.1421258 ]]\n",
      "RADAR: observed:  [2.17711   0.2707285 2.561584 ]\n",
      "px:, py: vx: vy: 1.8632884860546373 0.7753940718542849 2.1972947863314056 0.2872759921485958\n",
      "rho_pred, phi_pred, rdot_pred: 2.018187292827539 0.39434465780441696 2.1390215826248244\n",
      "RADAR: adjusted x: [ 1.94113343  0.68357799  2.50624415 -0.06662369]\n",
      "RADAR: Y:  [ 0.15892271 -0.12361616  0.42256242]\n",
      "RADAR: Updated Process Covariance Matrix:  [[ 3.66108251e-03  7.36750869e-04  5.43487978e-03 -1.43968515e-03]\n",
      " [ 7.36750869e-04  1.94405631e-03 -6.13633784e-05  6.01666832e-03]\n",
      " [ 5.43487978e-03 -6.13633784e-05  3.74884399e-02 -6.22391223e-03]\n",
      " [-1.43968515e-03  6.01666832e-03 -6.22391223e-03  5.28101133e-02]]\n",
      "x after update:  [ 2.06644563  0.6802468   2.50624415 -0.06662369]\n",
      "Predicted Process Covariance Matrix:  [[ 0.0043061   0.00064614  0.0076218  -0.00175088]\n",
      " [ 0.00064614  0.00268556 -0.00037256  0.00896967]\n",
      " [ 0.0076218  -0.00037256  0.04998844 -0.00622391]\n",
      " [-0.00175088  0.00896967 -0.00622391  0.06531011]]\n",
      "LIDAR: Kalman Gain Matrix:  [[ 0.16011956  0.02154724]\n",
      " [ 0.02154724  0.10607818]\n",
      " [ 0.28486355 -0.02210077]\n",
      " [-0.07394676  0.35804062]]\n",
      "LIDAR: observed:  [2.044833  0.6288287]\n",
      "LIDAR: Y:  [-0.02161263 -0.0514181 ]\n",
      "LIDAR: adjusted x: [ 2.06187711  0.67432677  2.50122388 -0.08343528]\n",
      "LIDAR Updated Process Covariance Matrix:  [[ 0.00360269  0.00048481  0.00640943 -0.0016638 ]\n",
      " [ 0.00048481  0.00238676 -0.00049727  0.00805591]\n",
      " [ 0.00640943 -0.00049727  0.04780903 -0.00552691]\n",
      " [-0.0016638   0.00805591 -0.00552691  0.06196913]]\n",
      "x after update:  [ 2.1869383   0.67015501  2.50122388 -0.08343528]\n",
      "Predicted Process Covariance Matrix:  [[ 0.00437097  0.00036294  0.00911238 -0.00194015]\n",
      " [ 0.00036294  0.00335509 -0.00077361  0.01146687]\n",
      " [ 0.00911238 -0.00077361  0.06030903 -0.00552691]\n",
      " [-0.00194015  0.01146687 -0.00552691  0.07446913]]\n",
      "RADAR S: [[ 9.44871051e-02  7.01757288e-06  8.54858591e-03]\n",
      " [ 7.01757288e-06  1.51908799e-03 -4.51087465e-04]\n",
      " [ 8.54858591e-03 -4.51087465e-04  1.48752361e-01]]\n",
      "RADAR: Kalman Gain Matrix:  [[ 0.04049895 -0.25288387  0.05388458]\n",
      " [ 0.01290747  0.89617435  0.01218161]\n",
      " [ 0.05557834 -0.8689431   0.37906832]\n",
      " [ 0.00723069  3.34662628  0.09334328]]\n",
      "RADAR: observed:  [2.507201  0.3778052 1.963694 ]\n",
      "px:, py: vx: vy: 2.1869383039759285 0.6701550094908882 2.5012238760759393 -0.08343527567711868\n",
      "rho_pred, phi_pred, rdot_pred: 2.287314338289087 0.2973501968658592 2.367015168320108\n",
      "RADAR: adjusted x: [2.15376492 0.7401818  2.29064771 0.14976017]\n",
      "RADAR: Y:  [ 0.21988666  0.080455   -0.40332117]\n",
      "RADAR: Updated Process Covariance Matrix:  [[ 0.00363748  0.00057018  0.00530664 -0.00139628]\n",
      " [ 0.00057018  0.00210425 -0.00024475  0.00677764]\n",
      " [ 0.00530664 -0.00024475  0.03683883 -0.00594409]\n",
      " [-0.00139628  0.00677764 -0.00594409  0.05642442]]\n",
      "x after update:  [2.2682973  0.74766981 2.29064771 0.14976017]\n",
      "Predicted Process Covariance Matrix:  [[ 0.00426805  0.00047326  0.00746108 -0.00169348]\n",
      " [ 0.00047326  0.00293088 -0.00054196  0.00991137]\n",
      " [ 0.00746108 -0.00054196  0.04933883 -0.00594409]\n",
      " [-0.00169348  0.00991137 -0.00594409  0.06892442]]\n",
      "LIDAR: Kalman Gain Matrix:  [[ 0.15916905  0.01564769]\n",
      " [ 0.01564769  0.1149578 ]\n",
      " [ 0.27919932 -0.02650684]\n",
      " [-0.07017878  0.39104336]]\n",
      "LIDAR: observed:  [2.206922  0.5205942]\n",
      "LIDAR: Y:  [-0.0613753  -0.22707561]\n",
      "LIDAR: adjusted x: [2.25497505 0.72060531 2.27953083 0.065271  ]\n",
      "LIDAR Updated Process Covariance Matrix:  [[ 0.0035813   0.00035207  0.00628198 -0.00157902]\n",
      " [ 0.00035207  0.00258655 -0.0005964   0.00879848]\n",
      " [ 0.00628198 -0.0005964   0.04724133 -0.00520855]\n",
      " [-0.00157902  0.00879848 -0.00520855  0.0649298 ]]\n",
      "x after update:  [2.36895159 0.72386887 2.27953083 0.065271  ]\n",
      "Predicted Process Covariance Matrix:  [[ 0.00433542  0.00023028  0.00895655 -0.00183945]\n",
      " [ 0.00023028  0.00363653 -0.00085683  0.01235747]\n",
      " [ 0.00895655 -0.00085683  0.05974133 -0.00520855]\n",
      " [-0.00183945  0.01235747 -0.00520855  0.0774298 ]]\n",
      "RADAR S: [[ 9.44044491e-02 -1.76311830e-06  8.49450986e-03]\n",
      " [-1.76311830e-06  1.48141324e-03 -2.20259798e-04]\n",
      " [ 8.49450986e-03 -2.20259798e-04  1.48394630e-01]]\n",
      "RADAR: Kalman Gain Matrix:  [[ 0.03984663 -0.27729018  0.05312592]\n",
      " [ 0.01235749  0.93147885  0.01388686]\n",
      " [ 0.05423284 -0.88059178  0.37598709]\n",
      " [ 0.01040931  3.38236631  0.10304365]]\n",
      "RADAR: observed:  [2.261804  0.2269232 1.262112 ]\n",
      "px:, py: vx: vy: 2.3689515880912104 0.723868865106061 2.2795308290298184 0.06527100212649538\n",
      "rho_pred, phi_pred, rdot_pred: 2.477078472836459 0.29655451384130177 2.199101031114708\n",
      "RADAR: adjusted x: [ 2.3299033   0.64333668  1.97687687 -0.26903924]\n",
      "RADAR: Y:  [-0.21527447 -0.06963131 -0.93698903]\n",
      "RADAR: Updated Process Covariance Matrix:  [[ 0.00361031  0.00045678  0.00524159 -0.00130761]\n",
      " [ 0.00045678  0.00231097 -0.00045113  0.00748517]\n",
      " [ 0.00524159 -0.00045113  0.03684448 -0.00641903]\n",
      " [-0.00130761  0.00748517 -0.00641903  0.05903139]]\n",
      "x after update:  [ 2.42874714  0.62988472  1.97687687 -0.26903924]\n",
      "Predicted Process Covariance Matrix:  [[ 0.00423439  0.0003528   0.00739631 -0.00162856]\n",
      " [ 0.0003528   0.00321488 -0.00077208  0.01074923]\n",
      " [ 0.00739631 -0.00077208  0.04934448 -0.00641903]\n",
      " [-0.00162856  0.01074923 -0.00641903  0.07153139]]\n",
      "LIDAR: Kalman Gain Matrix:  [[ 0.15823491  0.01154877]\n",
      " [ 0.01154877  0.12486178]\n",
      " [ 0.27710546 -0.03382631]\n",
      " [-0.06644461  0.41892773]]\n",
      "LIDAR: observed:  [2.347799  0.5588669]\n",
      "LIDAR: Y:  [-0.08094814 -0.07101782]\n",
      "LIDAR: adjusted x: [ 2.41511815  0.62008246  1.95684797 -0.293412  ]\n",
      "LIDAR Updated Process Covariance Matrix:  [[ 0.00356029  0.00025985  0.00623487 -0.001495  ]\n",
      " [ 0.00025985  0.00280939 -0.00076109  0.00942587]\n",
      " [ 0.00623487 -0.00076109  0.04726881 -0.00560414]\n",
      " [-0.001495    0.00942587 -0.00560414  0.06692003]]\n",
      "x after update:  [ 2.51296055  0.60541186  1.95684797 -0.293412  ]\n",
      "Predicted Process Covariance Matrix:  [[ 0.00430976  0.00013303  0.00891081 -0.00177521]\n",
      " [ 0.00013303  0.00392709 -0.0010413   0.01308438]\n",
      " [ 0.00891081 -0.0010413   0.05976881 -0.00560414]\n",
      " [-0.00177521  0.01308438 -0.00560414  0.07942003]]\n",
      "RADAR S: [[ 9.43493482e-02  1.21103214e-05  8.48943616e-03]\n",
      " [ 1.21103214e-05  1.48183077e-03 -4.08058003e-04]\n",
      " [ 8.48943616e-03 -4.08058003e-04  1.48579827e-01]]\n",
      "RADAR: Kalman Gain Matrix:  [[ 0.03987645 -0.2151273   0.05434137]\n",
      " [ 0.0102168   0.99090079  0.00861845]\n",
      " [ 0.05484551 -0.70410002  0.38317733]\n",
      " [ 0.00725416  3.44934054  0.07215109]]\n",
      "RADAR: observed:  [2.225519  0.2652396 2.054993 ]\n",
      "px:, py: vx: vy: 2.512960547856571 0.6054118562602709 1.9568479652723785 -0.2934120027578719\n",
      "rho_pred, phi_pred, rdot_pred: 2.584858648124517 0.23641070669384767 1.8336966445276504\n",
      "RADAR: adjusted x: [ 2.50445503  0.63221436  2.00163712 -0.18061127]\n",
      "RADAR: Y:  [-0.35933965  0.02882889  0.22129636]\n",
      "RADAR: Updated Process Covariance Matrix:  [[ 0.00360627  0.00035402  0.00518244 -0.00124473]\n",
      " [ 0.00035402  0.00245645 -0.00043633  0.00795416]\n",
      " [ 0.00518244 -0.00043633  0.03635909 -0.00569134]\n",
      " [-0.00124473  0.00795416 -0.00569134  0.06120446]]\n",
      "x after update:  [ 2.60453688  0.6231838   2.00163712 -0.18061127]\n",
      "Predicted Process Covariance Matrix:  [[ 0.00422323  0.00025574  0.0073129  -0.0015293 ]\n",
      " [ 0.00025574  0.00341269 -0.0007209   0.01132689]\n",
      " [ 0.0073129  -0.0007209   0.04885909 -0.00569134]\n",
      " [-0.0015293   0.01132689 -0.00569134  0.07370446]]\n",
      "LIDAR: Kalman Gain Matrix:  [[ 0.15795625  0.00831042]\n",
      " [ 0.00831042  0.13161749]\n",
      " [ 0.27394529 -0.03052396]\n",
      " [-0.06141627  0.43772353]]\n",
      "LIDAR: observed:  [2.557491  0.4253686]\n",
      "LIDAR: Y:  [-0.04704588 -0.1978152 ]\n",
      "LIDAR: adjusted x: [ 2.59546176  0.59675689  1.99478723 -0.26431025]\n",
      "LIDAR Updated Process Covariance Matrix:  [[ 0.00355402  0.00018698  0.00616377 -0.00138187]\n",
      " [ 0.00018698  0.00296139 -0.00068679  0.00984878]\n",
      " [ 0.00616377 -0.00068679  0.04683375 -0.00492665]\n",
      " [-0.00138187  0.00984878 -0.00492665  0.06865249]]\n",
      "x after update:  [ 2.69520113  0.58354137  1.99478723 -0.26431025]\n",
      "Predicted Process Covariance Matrix:  [[ 4.29528945e-03  7.12350130e-05  8.81795678e-03 -1.62819869e-03]\n",
      " [ 7.12350130e-05  4.12571520e-03 -9.33121724e-04  1.35939041e-02]\n",
      " [ 8.81795678e-03 -9.33121724e-04  5.93337535e-02 -4.92665223e-03]\n",
      " [-1.62819869e-03  1.35939041e-02 -4.92665223e-03  8.11524922e-02]]\n",
      "RADAR S: [[ 9.43171614e-02  1.08007797e-05  8.49474235e-03]\n",
      " [ 1.08007797e-05  1.43965064e-03 -3.05801386e-04]\n",
      " [ 8.49474235e-03 -3.05801386e-04  1.48439232e-01]]\n",
      "RADAR: Kalman Gain Matrix:  [[ 0.03978882 -0.20014091  0.05444399]\n",
      " [ 0.00914698  1.01353578  0.00812185]\n",
      " [ 0.05478093 -0.61860058  0.38385082]\n",
      " [ 0.00717221  3.44759515  0.0672835 ]]\n",
      "RADAR: observed:  [2.996795  0.2677088 2.851539 ]\n",
      "px:, py: vx: vy: 2.695201125318837 0.5835413733243805 1.9947872278404277 -0.2643102505438557\n",
      "rho_pred, phi_pred, rdot_pred: 2.7576492961036996 0.21322019259035446 1.8936841686284962\n",
      "RADAR: adjusted x: [ 2.74596049  0.64873454  2.34185453 -0.01029256]\n",
      "RADAR: Y:  [0.2391457  0.05448861 0.95785483]\n",
      "RADAR: Updated Process Covariance Matrix:  [[ 0.00360501  0.00027229  0.00514352 -0.00117975]\n",
      " [ 0.00027229  0.00263272 -0.00045724  0.00849936]\n",
      " [ 0.00514352 -0.00045724  0.03612681 -0.00539183]\n",
      " [-0.00117975  0.00849936 -0.00539183  0.06349722]]\n",
      "x after update:  [ 2.86305322  0.64821991  2.34185453 -0.01029256]\n",
      "Predicted Process Covariance Matrix:  [[ 0.00421749  0.00017696  0.00726236 -0.00144934]\n",
      " [ 0.00017696  0.00364921 -0.00072683  0.01198672]\n",
      " [ 0.00726236 -0.00072683  0.04862681 -0.00539183]\n",
      " [-0.00144934  0.01198672 -0.00539183  0.07599722]]\n",
      "LIDAR: Kalman Gain Matrix:  [[ 0.15781738  0.00569934]\n",
      " [ 0.00569934  0.13951472]\n",
      " [ 0.27201658 -0.02963634]\n",
      " [-0.05728571  0.45878474]]\n",
      "LIDAR: observed:  [2.966196  0.7136222]\n",
      "LIDAR: Y:  [0.10314278 0.06540229]\n",
      "LIDAR: adjusted x: [2.87970369 0.65793234 2.3679728  0.0138044 ]\n",
      "LIDAR Updated Process Covariance Matrix:  [[ 0.00355089  0.00012824  0.00612037 -0.00128893]\n",
      " [ 0.00012824  0.00313908 -0.00066682  0.01032266]\n",
      " [ 0.00612037 -0.00066682  0.04662979 -0.00464235]\n",
      " [-0.00128893  0.01032266 -0.00464235  0.07041487]]\n",
      "x after update:  [2.99810233 0.65862256 2.3679728  0.0138044 ]\n",
      "Predicted Process Covariance Matrix:  [[ 4.28731532e-03  1.88420253e-05  8.76436248e-03 -1.52104570e-03]\n",
      " [ 1.88420253e-05  4.35519643e-03 -8.98935066e-04  1.41559002e-02]\n",
      " [ 8.76436248e-03 -8.98935066e-04  5.91297885e-02 -4.64234613e-03]\n",
      " [-1.52104570e-03  1.41559002e-02 -4.64234613e-03  8.29148720e-02]]\n",
      "RADAR S: [[ 9.42983377e-02  1.02074576e-05  8.50038031e-03]\n",
      " [ 1.02074576e-05  1.36104745e-03 -1.16500449e-04]\n",
      " [ 8.50038031e-03 -1.16500449e-04  1.48281492e-01]]\n",
      "RADAR: Kalman Gain Matrix:  [[ 0.03959806 -0.21144839  0.05407218]\n",
      " [ 0.00907299  1.01800719  0.01022424]\n",
      " [ 0.05435245 -0.62796561  0.38215072]\n",
      " [ 0.00922284  3.39396506  0.07615854]]\n",
      "RADAR: observed:  [2.960268  0.2383691 2.068093 ]\n",
      "px:, py: vx: vy: 2.998102329244784 0.6586225583176871 2.367972795485575 0.01380440134972187\n",
      "rho_pred, phi_pred, rdot_pred: 3.069593010636416 0.21624487885374297 2.3157847373364917\n",
      "RADAR: adjusted x: [2.97570191 0.67762081 2.25348189 0.06902111]\n",
      "RADAR: Y:  [-0.10932501  0.02212422 -0.24769174]\n",
      "RADAR: Updated Process Covariance Matrix:  [[ 0.00360616  0.00019412  0.00515003 -0.00120108]\n",
      " [ 0.00019412  0.00292209 -0.00064485  0.00933601]\n",
      " [ 0.00515003 -0.00064485  0.03625125 -0.00602586]\n",
      " [-0.00120108  0.00933601 -0.00602586  0.06641654]]\n",
      "x after update:  [3.088376   0.68107187 2.25348189 0.06902111]\n",
      "Predicted Process Covariance Matrix:  [[ 4.21960522e-03  8.67558610e-05  7.27508827e-03 -1.50237707e-03]\n",
      " [ 8.67558610e-05  4.02954144e-03 -9.46142849e-04  1.29693358e-02]\n",
      " [ 7.27508827e-03 -9.46142849e-04  4.87512522e-02 -6.02585546e-03]\n",
      " [-1.50237707e-03  1.29693358e-02 -6.02585546e-03  7.89165417e-02]]\n",
      "LIDAR: Kalman Gain Matrix:  [[ 0.15791275  0.00275376]\n",
      " [ 0.00275376  0.15187984]\n",
      " [ 0.27239398 -0.03655452]\n",
      " [-0.05781542  0.48905299]]\n",
      "LIDAR: observed:  [2.962551  0.6131701]\n",
      "LIDAR: Y:  [-0.125825   -0.06790177]\n",
      "LIDAR: adjusted x: [3.06831964 0.67041246 2.22169003 0.04308817]\n",
      "LIDAR Updated Process Covariance Matrix:  [[ 3.55303686e-03  6.19596122e-05  6.12886453e-03 -1.30084702e-03]\n",
      " [ 6.19596122e-05  3.41729642e-03 -8.22476675e-04  1.10036923e-02]\n",
      " [ 6.12886453e-03 -8.22476675e-04  4.67349761e-02 -5.14252916e-03]\n",
      " [-1.30084702e-03  1.10036923e-02 -5.14252916e-03  7.24869887e-02]]\n",
      "x after update:  [3.17940415 0.67256687 2.22169003 0.04308817]\n",
      "Predicted Process Covariance Matrix:  [[ 4.29057325e-03 -5.70628955e-05  8.77811334e-03 -1.55797348e-03]\n",
      " [-5.70628955e-05  4.70669562e-03 -1.07960313e-03  1.49405417e-02]\n",
      " [ 8.77811334e-03 -1.07960313e-03  5.92349761e-02 -5.14252916e-03]\n",
      " [-1.55797348e-03  1.49405417e-02 -5.14252916e-03  8.49869887e-02]]\n",
      "RADAR S: [[ 9.42852886e-02  9.87179089e-06  8.50388782e-03]\n",
      " [ 9.87179089e-06  1.34616982e-03 -9.98331051e-05]\n",
      " [ 8.50388782e-03 -9.98331051e-05  1.48261052e-01]]\n",
      "RADAR: Kalman Gain Matrix:  [[ 0.03953329 -0.21201222  0.05415831]\n",
      " [ 0.00873214  1.0559614   0.00993995]\n",
      " [ 0.05426894 -0.62873125  0.38265733]\n",
      " [ 0.00964133  3.42033423  0.07349965]]\n",
